image_width: 640
image_height: 480
camera_name: projector_cam 
camera_matrix:
  rows: 3
  cols: 3
  data: [554.907351, 0.000000, 330.107110, 0.000000, 550.737439, 251.607439, 0.000000, 0.000000, 1.000000]
distortion_model: plumb_bob
distortion_coefficients:
  rows: 1
  cols: 5
  data: [0.110202, -0.211359, 0.013047, 0.003113, 0.000000]
rectification_matrix:
  rows: 3
  cols: 3
  data: [1.000000, 0.000000, 0.000000, 0.000000, 1.000000, 0.000000, 0.000000, 0.000000, 1.000000
]
projection_matrix:
  rows: 3
  cols: 4
  data: [563.563538, 0.000000, 331.777847, 0.000000, 0.000000, 558.039917, 255.839963, 0.000000, 0.000000, 0.000000, 1.000000, 0.000000]
